2022	7.480	7.871	8.542	8.259	0 	0	0	0	0	0	0	0	0
2021	1.400	1.676	2.620	4.160	4.993	5.391	5.365	5.251	5.390	6.222	6.809	7.036	4.698
2020	2.487	2.335	1.539	0.329	0.118	0.646	0.986	1.310	1.371	1.182	1.175	1.362	1.234
2019	1.551	1.520	1.863	1.996	1.790	1.648	1.811	1.750	1.711	1.764	2.051	2.285	1.812
2018	2.071	2.212	2.360	2.463	2.801	2.872	2.950	2.699	2.277	2.522	2.177	1.910	2.443
2017	2.500	2.738	2.381	2.200	1.872	1.625	1.720	1.939	2.233	2.041	2.203	2.109	2.128
2016	1.373	1.018	0.853	1.125	1.022	1.006	0.835	1.063	1.464	1.636	1.693	2.075	1.263
2015	-0.089 -0.025 -0.074 -0.200 -0.040 0.124 0.170 0.195	-0.036 0.171 0.502 0.730 0.119
2014	1.579	1.126	1.512	1.953	2.127	2.072	1.992	1.700	1.658	1.664	1.322	0.756	1.622
2013	1.595	1.978	1.474	1.063	1.362	1.754	1.961	1.518	1.185	0.964	1.237	1.502	1.465
2012	2.925	2.871	2.651	2.303	1.704	1.664	1.408	1.692	1.991	2.162	1.764	1.741	2.069
2011	1.632	2.108	2.682	3.164	3.569	3.559	3.629	3.771	3.868	3.525	3.394	2.962	3.157
2010	2.626	2.143	2.314	2.236	2.021	1.053	1.235	1.148	1.144	1.172	1.143	1.496	1.640
2009	0.030	0.236	-0.384 -0.737 -1.281 -1.427 -2.097 -1.484 -1.286 -0.183 1.838 2.721 -0.356
2008	4.280	4.027	3.981	3.937	4.176	5.022	5.600	5.372	4.937	3.655	1.070	0.091	3.839
2007	2.076	2.415	2.779	2.574	2.691	2.687	2.358	1.970	2.755	3.536	4.306	4.081	2.853
2006	3.985	3.597	3.363	3.546	4.167	4.319	4.145	3.819	2.062	1.305	1.974	2.541	3.226
2005	2.970	3.008	3.148	3.511	2.803	2.530	3.168	3.641	4.687	4.348	3.455	3.416	3.393
2004	1.926	1.693	1.737	2.285	3.052	3.266	2.991	2.654	2.538	3.189	3.523	3.256	0
